Z =1.0170964375
norm_productive =0.29247125650320943