Z =1.016906470677986
norm_productive =0.29247125650320943
L1 history =
