Z =0.9754866666666666
norm_productive =0.1499265655936305
L1 history =
