Z =0.9754866666666666
norm_productive =0.1499265655936305
min_energy_clip =-5
max_energy_clip =10
L1 history =
