Z =0.9770069166666666
norm_productive =0.15107851669614455