Z =1.0103765625
norm_productive =0.2727148540013573
L1 history =
