Z =0.911731328125
norm_productive =0.27744730165886944