Z =0.9777790833333333
norm_productive =0.24566713516135608