Z =0.9859446666666667
norm_productive =0.2442847269027897
min_energy_clip =-5
max_energy_clip =10
L1 history =
