Z =0.955488875
norm_productive =0.24566713516135608