Z =0.9859446666666667
norm_productive =0.2442847269027897
L1 history =
