Z =1.00032325
norm_productive =0.24566713516135608