Z =0.994241857904497
norm_productive =0.29489499727399304
min_energy_clip =-5
max_energy_clip =10
L1 history =
