Z =0.994241857904497
norm_productive =0.29489499727399304
L1 history =
