Z =0.998998
norm_productive =0.2948949972739931