Z =0.9529441000427533
norm_productive =0.2442847269027897
min_energy_clip =-5
max_energy_clip =10
likelihood_train,likelihood_test
