Z =0.99802775
norm_productive =0.2877415063096418
