Z =0.9652828437564149
norm_productive =0.2847166577727317
min_energy_clip =-5
max_energy_clip =10
L1 history =
