Z =0.9652828437564149
norm_productive =0.2847166577727317
L1 history =
