Z =0.49879584375
norm_productive =0.2877415063096418