Z =1.001052875
norm_productive =0.2877415063096418